v6<-c(2,0.5,1,2,0.5,1)
v7<-rep(1,3)
v6[v7]<-1
v6

