farenhiet <- c(45, 77, 20, 19, 101, 120, 212) 
celcius <- 5/9 * (farenhiet - 32) 
celcius

