v8<-c(2,4,6)
v9<-c(1,2)
v10<-c(v8*v9[1],v8*v9[2])
v10
