s<-2:8
s
vec3<-rep(c(3, -4.2, -50), 3)
vec3
value<-(14/48)+3
value
s2<-c(s, vec3, value)
s2